00000000
00100000
10100000
01100000
00000000
00000000
00000000
00000000

00000000
00000000
01010000
00110000
00100000
00000000
00000000
00000000

00000000
00000000
00100000
00011000
00110000
00000000
00000000
00000000

00000000
00000000
00000000
00001000
00101000
00011000
00000000
00000000

00000000
00000000
00000000
00000000
00010100
00001100
00001000
00000000

00000000
00000000
00000000
00000000
00001000
00000110
00001100
00000000

00000000
00000000
00000000
00000000
00000000
00000010
00001010
00000110